const unsigned byte SQRT[][] = { {0, 9, 12, 15, 18, 21, 24, 27, 30, 33, 36, 39, 42, 45, 48, 51, 54, 57, 60, 63, 66, 69, 72, 75, 78, 81, 84, 87, },{9, 13, 15, 17, 20, 23, 26, 28, 31, 34, 37, 40, 43, 46, 49, 52, 55, 58, 61, 64, 67, 70, 73, 76, 79, 81, 84, 87, },{12, 15, 17, 19, 22, 24, 27, 30, 32, 35, 38, 41, 44, 47, 49, 52, 55, 58, 61, 64, 67, 70, 73, 76, 79, 82, 85, 88, },{15, 17, 19, 21, 23, 26, 28, 31, 34, 36, 39, 42, 45, 47, 50, 53, 56, 59, 62, 65, 68, 71, 74, 76, 79, 82, 85, 88, },{18, 20, 22, 23, 25, 28, 30, 32, 35, 38, 40, 43, 46, 48, 51, 54, 57, 60, 63, 66, 68, 71, 74, 77, 80, 83, 86, 89, },{21, 23, 24, 26, 28, 30, 32, 34, 37, 39, 42, 44, 47, 50, 52, 55, 58, 61, 64, 66, 69, 72, 75, 78, 81, 84, 87, 89, },{24, 26, 27, 28, 30, 32, 34, 36, 38, 41, 43, 46, 48, 51, 54, 56, 59, 62, 65, 67, 70, 73, 76, 79, 82, 84, 87, 90, },{27, 28, 30, 31, 32, 34, 36, 38, 40, 43, 45, 47, 50, 52, 55, 58, 60, 63, 66, 69, 71, 74, 77, 80, 83, 85, 88, 91, },{30, 31, 32, 34, 35, 37, 38, 40, 42, 45, 47, 49, 52, 54, 57, 59, 62, 64, 67, 70, 72, 75, 78, 81, 84, 86, 89, 92, },{33, 34, 35, 36, 38, 39, 41, 43, 45, 47, 49, 51, 53, 56, 58, 61, 63, 66, 68, 71, 74, 76, 79, 82, 85, 87, 90, 93, },{36, 37, 38, 39, 40, 42, 43, 45, 47, 49, 51, 53, 55, 58, 60, 62, 65, 67, 70, 73, 75, 78, 80, 83, 86, 89, 91, 94, },{39, 40, 41, 42, 43, 44, 46, 47, 49, 51, 53, 55, 57, 60, 62, 64, 67, 69, 72, 74, 77, 79, 82, 85, 87, 90, 93, 95, },{42, 43, 44, 45, 46, 47, 48, 50, 52, 53, 55, 57, 59, 62, 64, 66, 68, 71, 73, 76, 78, 81, 83, 86, 89, 91, 94, 97, },{45, 46, 47, 47, 48, 50, 51, 52, 54, 56, 58, 60, 62, 64, 66, 68, 70, 73, 75, 77, 80, 82, 85, 87, 90, 93, 95, 98, },{48, 49, 49, 50, 51, 52, 54, 55, 57, 58, 60, 62, 64, 66, 68, 70, 72, 75, 77, 79, 82, 84, 87, 89, 92, 94, 97, 99, },{51, 52, 52, 53, 54, 55, 56, 58, 59, 61, 62, 64, 66, 68, 70, 72, 74, 76, 79, 81, 83, 86, 88, 91, 93, 96, 98, 101, },{54, 55, 55, 56, 57, 58, 59, 60, 62, 63, 65, 67, 68, 70, 72, 74, 76, 79, 81, 83, 85, 88, 90, 92, 95, 97, 100, 102, },{57, 58, 58, 59, 60, 61, 62, 63, 64, 66, 67, 69, 71, 73, 75, 76, 79, 81, 83, 85, 87, 89, 92, 94, 97, 99, 102, 104, },{60, 61, 61, 62, 63, 64, 65, 66, 67, 68, 70, 72, 73, 75, 77, 79, 81, 83, 85, 87, 89, 91, 94, 96, 98, 101, 103, 106, },{63, 64, 64, 65, 66, 66, 67, 69, 70, 71, 73, 74, 76, 77, 79, 81, 83, 85, 87, 89, 91, 93, 96, 98, 100, 103, 105, 107, },{66, 67, 67, 68, 68, 69, 70, 71, 72, 74, 75, 77, 78, 80, 82, 83, 85, 87, 89, 91, 93, 95, 98, 100, 102, 104, 107, 109, },{69, 70, 70, 71, 71, 72, 73, 74, 75, 76, 78, 79, 81, 82, 84, 86, 88, 89, 91, 93, 95, 98, 100, 102, 104, 106, 109, 111, },{72, 73, 73, 74, 74, 75, 76, 77, 78, 79, 80, 82, 83, 85, 87, 88, 90, 92, 94, 96, 98, 100, 102, 104, 106, 108, 111, 113, },{75, 76, 76, 76, 77, 78, 79, 80, 81, 82, 83, 85, 86, 87, 89, 91, 92, 94, 96, 98, 100, 102, 104, 106, 108, 110, 113, 115, },{78, 79, 79, 79, 80, 81, 82, 83, 84, 85, 86, 87, 89, 90, 92, 93, 95, 97, 98, 100, 102, 104, 106, 108, 110, 112, 115, 117, },{81, 81, 82, 82, 83, 84, 84, 85, 86, 87, 89, 90, 91, 93, 94, 96, 97, 99, 101, 103, 104, 106, 108, 110, 112, 115, 117, 119, },{84, 84, 85, 85, 86, 87, 87, 88, 89, 90, 91, 93, 94, 95, 97, 98, 100, 102, 103, 105, 107, 109, 111, 113, 115, 117, 119, 121, },{87, 87, 88, 88, 89, 89, 90, 91, 92, 93, 94, 95, 97, 98, 99, 101, 102, 104, 106, 107, 109, 111, 113, 115, 117, 119, 121, 123, },{90, 90, 91, 91, 92, 92, 93, 94, 95, 96, 97, 98, 99, 101, 102, 103, 105, 107, 108, 110, 112, 113, 115, 117, 119, 121, 123, 125, },{93, 93, 94, 94, 95, 95, 96, 97, 98, 99, 100, 101, 102, 103, 105, 106, 108, 109, 111, 112, 114, 116, 118, 119, 121, 123, 125, 127, },{96, 96, 97, 97, 98, 98, 99, 100, 101, 102, 103, 104, 105, 106, 107, 109, 110, 112, 113, 115, 116, 118, 120, 122, 124, 126, 127, 127, },{99, 99, 100, 100, 101, 101, 102, 103, 103, 104, 105, 106, 108, 109, 110, 111, 113, 114, 116, 117, 119, 121, 122, 124, 126, 127, 127, 127, },{102, 102, 103, 103, 104, 104, 105, 106, 106, 107, 108, 109, 110, 111, 113, 114, 115, 117, 118, 120, 121, 123, 125, 127, 127, 127, 127, 127, },{105, 105, 106, 106, 107, 107, 108, 108, 109, 110, 111, 112, 113, 114, 115, 117, 118, 119, 121, 122, 124, 126, 127, 127, 127, 127, 127, 127, },{108, 108, 109, 109, 109, 110, 111, 111, 112, 113, 114, 115, 116, 117, 118, 119, 121, 122, 124, 125, 127, 127, 127, 127, 127, 127, 127, 127, },{111, 111, 112, 112, 112, 113, 114, 114, 115, 116, 117, 118, 119, 120, 121, 122, 123, 125, 126, 127, 127, 127, 127, 127, 127, 127, 127, 127, },{114, 114, 115, 115, 115, 116, 116, 117, 118, 119, 120, 120, 121, 123, 124, 125, 126, 127, 127, 127, 127, 127, 127, 127, 127, 127, 127, 127, },{117, 117, 118, 118, 118, 119, 119, 120, 121, 122, 122, 123, 124, 125, 126, 127, 127, 127, 127, 127, 127, 127, 127, 127, 127, 127, 127, 127, },{120, 120, 121, 121, 121, 122, 122, 123, 124, 124, 125, 126, 127, 127, 127, 127, 127, 127, 127, 127, 127, 127, 127, 127, 127, 127, 127, 127, },{123, 123, 124, 124, 124, 125, 125, 126, 127, 127, 127, 127, 127, 127, 127, 127, 127, 127, 127, 127, 127, 127, 127, 127, 127, 127, 127, 127, },{126, 126, 127, 127, 127, 127, 127, 127, 127, 127, 127, 127, 127, 127, 127, 127, 127, 127, 127, 127, 127, 127, 127, 127, 127, 127, 127, 127, },};